22,79
22,79
22,69
22,69
22,69
22,63
22,66
22,6
22,6
22,5
22,5
22,5
22,29
22,29
22,29
22,19
22,29
22,43
22,53
23,6
23,67
23,6
23,5
23,5
23,4
23,33
23,29
23
23
22,86
22,86
22,79
22,79
22,79
22,79
22,69
22,6
22,5
22,5
22,5
22,5
22,47
22,4
22,4
22,4
22,4
22,29
22,19
22,26
22,19
22,19
22,19
22,19
22,29
22,29
22,29
22,4
22,4
22,4
22,4
22,29
22,36
22,29
22,29
22,19
22,19
22,19
22,19
22,19
22,19
22,19
22,19
22,13
22,1
22,1
22,1
22,1
22,1
22
22
22
22
22
22
22
22
21,93
22
22
22
22,13
22,26
22,53
23,16
23,79
23,86
23,9
23,9
24
24
24
23,93
23,9
23,97
23,9
23,69
23,69
23,66
23,6
23,6
23,6
23,6
23,53
23,5
23,5
23,5
23,47
23,4
23,4
23,4
23,4
23,4
23,36
23,29
23,29
23,5
23,64
23,72
23,93
24,03
24,53
24,53
24,5
24,5
24,4
24,4
24,4
24,4
24,29
24,29
24,29
24,19
24,19
24,1
24
23,9
23,79
23,86
23,79
23,79
23,79
23,69
23,69
23,69
23,69
23,6
23,6
23,63
23,72
23,69
23,69
23,69
23,6
23,6
23,6
23,6
23,6
23,6
23,5
23,5
23,47
23,6
23,66
23,69
23,79
23,79
23,79
23,79
23,79
23,9
23,9
23,95
23,9
23,72
23,6
23,5
23,4
23,4
23,33
23,29
23,29
23,29
23,19
23,19
23,19
23,1
23,1
23,1
23,1
23,17
23,69
23,79
23,93
23,9
23,79
23,79
23,79
23,9
24
24
24,07
24
24
24
23,9
23,83
23,86
23,76
23,69
23,83
23,9
23,79
23,6
23,5
23,5
23,4
23,29
23,29
23,29
23,16
23,16
23,1
23
23
23
23
22,9
22,9
22,97
23
23,19
23,4
23,5
23,6
23,69
23,83
23,9
23,97
23,9
23,9
23,9
23,9
24
24
23,9
23,79
23,63
23,6
23,6
23,6
23,5
23,5
23,5
23,43
23,4
23,29
23,29
23,19
23,19
23,19
23,19
23,16
23,1
23,1
23,1
23
22,9
22,79
22,79
22,79
22,79
22,79
22,79
22,83
23
23,16
23,22
23,29
23,29
23,19
23,19
23,24
23,26
23,19
23,19
23,5
23,69
23,4
23,4
23,36
23,29
23,22
23,1
23
22,9
22,9
22,79
22,72
22,69
22,6
22,6
22,53
22,5
22,5
22,57
22,6
22,6
23,29
23,4
23,4
23,4
23,36
23,29
23,22
23,19
23,19
23,19
23,1
23
22,97
22,97
22,97
22,9
22,9
22,82
22,79
22,79
22,79
22,66
22,6
22,6
22,6
22,53
22,5
22,5
22,5
23
23,13
23,26
23,83
24,16
24,19
24,26
24,29
24,29
24,36
24,36
24,4
24,5
24,5
24,5
24,6
24,6
24,6
24,5
24,33
24,22
24,05
24
24
23,9
23,9
23,9
23,79
23,76
23,69
23,69
23,6
23,6
23,55
23,5
23,5
23,5
24,4
24,5
24,6
24,6
24,69
24,69
24,72
24,79
24,69
24,57
24,5
24,5
24,5
24,5
24,57
24,52
24,72
24,79
24,9
24,9
25
25,1
25,19
25,13
24,9
24,6
24,6
24,57
24,19
24,19
24,1
24,1
24,1
24,1
24,1
24,43
25,79
25,79
25,86
26
26,16
25,76
25,6
25,5
25,33
25,29
25,29
25,19
25,19
25,29
25,33
25,4
25,5
25,5
25,4
25,19
25,1
24,79
24,79
24,72
24,69
24,69
24,6
24,6
24,53
24,5
24,5
24,5
24,5
24,43
24,4
24,57
24,6
24,47
24,4
24,4
24,4
24,4
24,4
24,4
24,5
24,57
24,83
24,79
24,76
24,74
24,6
24,29
24,29
24,19
24,16
23,9
23,9
23,83
23,9
23,79
23,79
23,72
23,69
24,1
24,53
24,66
24,69
25,36
25,5
25,9
25,97
26
26
25,9
25,76
25,5
25,6
25,66
25,76
25,69
25,72
25,5
25,47
25,4
25,4
25,36
25,29
25,29
25,19
25,19
25,16
25,1
25,1
25
25
25
24,93
24,9
24,9
24,79
24,79
24,6
24,6
24,6
24,6
24,5
24,5
24,5
24,4
24,4
24,4
24,44
24,5
24,5
24,5
24,62
24,72
24,79
24,9
24,9
24,9
24,9
24,89
24,79
24,77
24,7
24,69
24,69
24,68
24,64
24,6
24,6
